S00003.jpg 1 1 1
M00003.jpg 2 2 1
V00003.jpg 3 3 1
S00004.jpg 1 1 1
M00004.jpg 2 2 1
V00004.jpg 3 3 1
S00005.jpg 1 1 1
M00005.jpg 2 2 1
V00005.jpg 3 3 1
S00006.jpg 1 1 1
M00006.jpg 2 2 1
V00006.jpg 3 3 1
S00007.jpg 1 1 1
M00007.jpg 2 2 1
V00007.jpg 3 3 1
S00008.jpg 1 1 1
M00008.jpg 2 2 1
V00008.jpg 3 3 1
S00009.jpg 1 1 1
M00009.jpg 2 2 1
V00009.jpg 3 3 1
S00010.jpg 1 1 1
M00010.jpg 2 2 1
V00010.jpg 3 3 1
S00013.jpg 1 1 1
M00013.jpg 2 2 1
V00013.jpg 3 3 1
S00014.jpg 1 1 1
M00014.jpg 2 2 1
V00014.jpg 3 3 1
S00015.jpg 1 1 1
M00015.jpg 2 2 1
V00015.jpg 3 3 1
S00016.jpg 1 1 1
M00016.jpg 2 2 1
V00016.jpg 3 3 1
S00017.jpg 1 1 1
M00017.jpg 2 2 1
V00017.jpg 3 3 1
S00018.jpg 1 1 1
M00018.jpg 2 2 1
V00018.jpg 3 3 1
S00019.jpg 1 1 1
M00019.jpg 2 2 1
V00019.jpg 3 3 1
S00020.jpg 1 1 1
M00020.jpg 2 2 1
V00020.jpg 3 3 1
S00023.jpg 1 1 1
M00023.jpg 2 2 1
V00023.jpg 3 3 1
S00024.jpg 1 1 1
M00024.jpg 2 2 1
V00024.jpg 3 3 1
S00025.jpg 1 1 1
M00025.jpg 2 2 1
V00025.jpg 3 3 1
S00026.jpg 1 1 1
M00026.jpg 2 2 1
V00026.jpg 3 3 1
S00027.jpg 1 1 1
M00027.jpg 2 2 1
V00027.jpg 3 3 1
S00028.jpg 1 1 1
M00028.jpg 2 2 1
V00028.jpg 3 3 1
S00029.jpg 1 1 1
M00029.jpg 2 2 1
V00029.jpg 3 3 1
S00030.jpg 1 1 1
M00030.jpg 2 2 1
V00030.jpg 3 3 1
S00033.jpg 1 1 1
M00033.jpg 2 2 1
V00033.jpg 3 3 1
S00034.jpg 1 1 1
M00034.jpg 2 2 1
V00034.jpg 3 3 1
S00035.jpg 1 1 1
M00035.jpg 2 2 1
V00035.jpg 3 3 1
S00036.jpg 1 1 1
M00036.jpg 2 2 1
V00036.jpg 3 3 1
S00037.jpg 1 1 1
M00037.jpg 2 2 1
V00037.jpg 3 3 1
S00038.jpg 1 1 1
M00038.jpg 2 2 1
V00038.jpg 3 3 1
S00039.jpg 1 1 1
M00039.jpg 2 2 1
V00039.jpg 3 3 1
S00040.jpg 1 1 1
M00040.jpg 2 2 1
V00040.jpg 3 3 1
S00043.jpg 1 1 1
M00043.jpg 2 2 1
V00043.jpg 3 3 1
S00044.jpg 1 1 1
M00044.jpg 2 2 1
V00044.jpg 3 3 1
S00045.jpg 1 1 1
M00045.jpg 2 2 1
V00045.jpg 3 3 1
S00046.jpg 1 1 1
M00046.jpg 2 2 1
V00046.jpg 3 3 1
S00047.jpg 1 1 1
M00047.jpg 2 2 1
V00047.jpg 3 3 1
S00048.jpg 1 1 1
M00048.jpg 2 2 1
V00048.jpg 3 3 1
S00049.jpg 1 1 1
M00049.jpg 2 2 1
V00049.jpg 3 3 1
S00050.jpg 1 1 1
M00050.jpg 2 2 1
V00050.jpg 3 3 1
S00053.jpg 1 1 1
M00053.jpg 2 2 1
V00053.jpg 3 3 1
S00055.jpg 1 1 1
M00055.jpg 2 2 1
V00055.jpg 3 3 1
S00056.jpg 1 1 1
M00056.jpg 2 2 1
V00056.jpg 3 3 1
S00057.jpg 1 1 1
M00057.jpg 2 2 1
V00057.jpg 3 3 1
S00058.jpg 1 1 1
M00058.jpg 2 2 1
V00058.jpg 3 3 1
S00059.jpg 1 1 1
M00059.jpg 2 2 1
V00059.jpg 3 3 1
S00060.jpg 1 1 1
M00060.jpg 2 2 1
V00060.jpg 3 3 1
S00061.jpg 1 1 1
M00061.jpg 2 2 1
V00061.jpg 3 3 1
S00064.jpg 1 1 1
M00064.jpg 2 2 1
V00064.jpg 3 3 1
S00065.jpg 1 1 1
M00065.jpg 2 2 1
V00065.jpg 3 3 1
S00066.jpg 1 1 1
M00066.jpg 2 2 1
V00066.jpg 3 3 1
S00067.jpg 1 1 1
M00067.jpg 2 2 1
V00067.jpg 3 3 1
S00068.jpg 1 1 1
M00068.jpg 2 2 1
V00068.jpg 3 3 1
S00069.jpg 1 1 1
M00069.jpg 2 2 1
V00069.jpg 3 3 1
S00070.jpg 1 1 1
M00070.jpg 2 2 1
V00070.jpg 3 3 1
S00071.jpg 1 1 1
M00071.jpg 2 2 1
V00071.jpg 3 3 1
S00074.jpg 1 1 1
M00074.jpg 2 2 1
V00074.jpg 3 3 1
S00075.jpg 1 1 1
M00075.jpg 2 2 1
V00075.jpg 3 3 1
S00076.jpg 1 1 1
M00076.jpg 2 2 1
V00076.jpg 3 3 1
S00077.jpg 1 1 1
M00077.jpg 2 2 1
V00077.jpg 3 3 1
S00078.jpg 1 1 1
M00078.jpg 2 2 1
V00078.jpg 3 3 1
S00079.jpg 1 1 1
M00079.jpg 2 2 1
V00079.jpg 3 3 1
S00080.jpg 1 1 1
M00080.jpg 2 2 1
V00080.jpg 3 3 1
S00081.jpg 1 1 1
M00081.jpg 2 2 1
V00081.jpg 3 3 1
S00084.jpg 1 1 1
M00084.jpg 2 2 1
V00084.jpg 3 3 1
S00085.jpg 1 1 1
M00085.jpg 2 2 1
V00085.jpg 3 3 1
S00086.jpg 1 1 1
M00086.jpg 2 2 1
V00086.jpg 3 3 1
S00087.jpg 1 1 1
M00087.jpg 2 2 1
V00087.jpg 3 3 1
S00088.jpg 1 1 1
M00088.jpg 2 2 1
V00088.jpg 3 3 1
S00089.jpg 1 1 1
M00089.jpg 2 2 1
V00089.jpg 3 3 1
S00090.jpg 1 1 1
M00090.jpg 2 2 1
V00090.jpg 3 3 1
S00091.jpg 1 1 1
M00091.jpg 2 2 1
V00091.jpg 3 3 1
S00094.jpg 1 1 1
M00094.jpg 2 2 1
V00094.jpg 3 3 1
S00095.jpg 1 1 1
M00095.jpg 2 2 1
V00095.jpg 3 3 1
S00096.jpg 1 1 1
M00096.jpg 2 2 1
V00096.jpg 3 3 1
S00097.jpg 1 1 1
M00097.jpg 2 2 1
V00097.jpg 3 3 1
S00098.jpg 1 1 1
M00098.jpg 2 2 1
V00098.jpg 3 3 1
S00099.jpg 1 1 1
M00099.jpg 2 2 1
V00099.jpg 3 3 1
S00100.jpg 1 1 1
M00100.jpg 2 2 1
V00100.jpg 3 3 1
S00101.jpg 1 1 1
M00101.jpg 2 2 1
V00101.jpg 3 3 1
S00104.jpg 1 1 1
M00104.jpg 2 2 1
V00104.jpg 3 3 1
S00105.jpg 1 1 1
M00105.jpg 2 2 1
V00105.jpg 3 3 1
S00106.jpg 1 1 1
M00106.jpg 2 2 1
V00106.jpg 3 3 1
S00107.jpg 1 1 1
M00107.jpg 2 2 1
V00107.jpg 3 3 1
S00108.jpg 1 1 1
M00108.jpg 2 2 1
V00108.jpg 3 3 1
S00109.jpg 1 1 1
M00109.jpg 2 2 1
V00109.jpg 3 3 1
S00110.jpg 1 1 1
M00110.jpg 2 2 1
V00110.jpg 3 3 1
S00111.jpg 1 1 1
M00111.jpg 2 2 1
V00111.jpg 3 3 1
S00114.jpg 1 1 1
M00114.jpg 2 2 1
V00114.jpg 3 3 1
S00115.jpg 1 1 1
M00115.jpg 2 2 1
V00115.jpg 3 3 1
S00116.jpg 1 1 1
M00116.jpg 2 2 1
V00116.jpg 3 3 1
S00117.jpg 1 1 1
M00117.jpg 2 2 1
V00117.jpg 3 3 1
S00118.jpg 1 1 1
M00118.jpg 2 2 1
V00118.jpg 3 3 1
S00119.jpg 1 1 1
M00119.jpg 2 2 1
V00119.jpg 3 3 1
S00120.jpg 1 1 1
M00120.jpg 2 2 1
V00120.jpg 3 3 1
S00121.jpg 1 1 1
M00121.jpg 2 2 1
V00121.jpg 3 3 1
S00124.jpg 1 1 1
M00124.jpg 2 2 1
V00124.jpg 3 3 1
S00125.jpg 1 1 1
M00125.jpg 2 2 1
V00125.jpg 3 3 1
S00126.jpg 1 1 1
M00126.jpg 2 2 1
V00126.jpg 3 3 1
S00127.jpg 1 1 1
M00127.jpg 2 2 1
V00127.jpg 3 3 1
S00128.jpg 1 1 1
M00128.jpg 2 2 1
V00128.jpg 3 3 1
S00129.jpg 1 1 1
M00129.jpg 2 2 1
V00129.jpg 3 3 1
S00130.jpg 1 1 1
M00130.jpg 2 2 1
V00130.jpg 3 3 1
S00131.jpg 1 1 1
M00131.jpg 2 2 1
V00131.jpg 3 3 1
S00134.jpg 1 1 1
M00134.jpg 2 2 1
V00134.jpg 3 3 1
S00135.jpg 1 1 1
M00135.jpg 2 2 1
V00135.jpg 3 3 1
S00136.jpg 1 1 1
M00136.jpg 2 2 1
V00136.jpg 3 3 1
S00137.jpg 1 1 1
M00137.jpg 2 2 1
V00137.jpg 3 3 1
S00138.jpg 1 1 1
M00138.jpg 2 2 1
V00138.jpg 3 3 1
S00139.jpg 1 1 1
M00139.jpg 2 2 1
V00139.jpg 3 3 1
S00140.jpg 1 1 1
M00140.jpg 2 2 1
V00140.jpg 3 3 1
S00141.jpg 1 1 1
M00141.jpg 2 2 1
V00141.jpg 3 3 1
S00144.jpg 1 1 1
M00144.jpg 2 2 1
V00144.jpg 3 3 1
S00145.jpg 1 1 1
M00145.jpg 2 2 1
V00145.jpg 3 3 1
S00146.jpg 1 1 1
M00146.jpg 2 2 1
V00146.jpg 3 3 1
S00147.jpg 1 1 1
M00147.jpg 2 2 1
V00147.jpg 3 3 1
S00148.jpg 1 1 1
M00148.jpg 2 2 1
V00148.jpg 3 3 1
S00149.jpg 1 1 1
M00149.jpg 2 2 1
V00149.jpg 3 3 1
S00150.jpg 1 1 1
M00150.jpg 2 2 1
V00150.jpg 3 3 1
S00151.jpg 1 1 1
M00151.jpg 2 2 1
V00151.jpg 3 3 1
S00154.jpg 1 1 1
M00154.jpg 2 2 1
V00154.jpg 3 3 1
S00155.jpg 1 1 1
M00155.jpg 2 2 1
V00155.jpg 3 3 1
S00156.jpg 1 1 1
M00156.jpg 2 2 1
V00156.jpg 3 3 1
S00157.jpg 1 1 1
M00157.jpg 2 2 1
V00157.jpg 3 3 1
S00158.jpg 1 1 1
M00158.jpg 2 2 1
V00158.jpg 3 3 1
S00159.jpg 1 1 1
M00159.jpg 2 2 1
V00159.jpg 3 3 1
S00160.jpg 1 1 1
M00160.jpg 2 2 1
V00160.jpg 3 3 1
S00161.jpg 1 1 1
M00161.jpg 2 2 1
V00161.jpg 3 3 1
S00164.jpg 1 1 1
M00164.jpg 2 2 1
V00164.jpg 3 3 1
S00165.jpg 1 1 1
M00165.jpg 2 2 1
V00165.jpg 3 3 1
S00166.jpg 1 1 1
M00166.jpg 2 2 1
V00166.jpg 3 3 1
S00167.jpg 1 1 1
M00167.jpg 2 2 1
V00167.jpg 3 3 1
S00168.jpg 1 1 1
M00168.jpg 2 2 1
V00168.jpg 3 3 1
S00169.jpg 1 1 1
M00169.jpg 2 2 1
V00169.jpg 3 3 1
S00170.jpg 1 1 1
M00170.jpg 2 2 1
V00170.jpg 3 3 1
S00171.jpg 1 1 1
M00171.jpg 2 2 1
V00171.jpg 3 3 1
S00174.jpg 1 1 1
M00174.jpg 2 2 1
V00174.jpg 3 3 1
S00175.jpg 1 1 1
M00175.jpg 2 2 1
V00175.jpg 3 3 1
S00176.jpg 1 1 1
M00176.jpg 2 2 1
V00176.jpg 3 3 1
S00177.jpg 1 1 1
M00177.jpg 2 2 1
V00177.jpg 3 3 1
S00178.jpg 1 1 1
M00178.jpg 2 2 1
V00178.jpg 3 3 1
S00179.jpg 1 1 1
M00179.jpg 2 2 1
V00179.jpg 3 3 1
S00180.jpg 1 1 1
M00180.jpg 2 2 1
V00180.jpg 3 3 1
S00181.jpg 1 1 1
M00181.jpg 2 2 1
V00181.jpg 3 3 1
S00184.jpg 1 1 1
M00184.jpg 2 2 1
V00184.jpg 3 3 1
S00185.jpg 1 1 1
M00185.jpg 2 2 1
V00185.jpg 3 3 1
S00186.jpg 1 1 1
M00186.jpg 2 2 1
V00186.jpg 3 3 1
S00187.jpg 1 1 1
M00187.jpg 2 2 1
V00187.jpg 3 3 1
S00188.jpg 1 1 1
M00188.jpg 2 2 1
V00188.jpg 3 3 1
S00189.jpg 1 1 1
M00189.jpg 2 2 1
V00189.jpg 3 3 1
S00190.jpg 1 1 1
M00190.jpg 2 2 1
V00190.jpg 3 3 1
S00191.jpg 1 1 1
M00191.jpg 2 2 1
V00191.jpg 3 3 1
S00194.jpg 1 1 1
M00194.jpg 2 2 1
V00194.jpg 3 3 1
S00195.jpg 1 1 1
M00195.jpg 2 2 1
V00195.jpg 3 3 1
S00196.jpg 1 1 1
M00196.jpg 2 2 1
V00196.jpg 3 3 1
S00197.jpg 1 1 1
M00197.jpg 2 2 1
V00197.jpg 3 3 1
S00198.jpg 1 1 1
M00198.jpg 2 2 1
V00198.jpg 3 3 1
S00199.jpg 1 1 1
M00199.jpg 2 2 1
V00199.jpg 3 3 1
S00200.jpg 1 1 1
M00200.jpg 2 2 1
V00200.jpg 3 3 1
S00201.jpg 1 1 1
M00201.jpg 2 2 1
V00201.jpg 3 3 1
S00204.jpg 1 1 1
M00204.jpg 2 2 1
V00204.jpg 3 3 1
S00205.jpg 1 1 1
M00205.jpg 2 2 1
V00205.jpg 3 3 1
S00206.jpg 1 1 1
M00206.jpg 2 2 1
V00206.jpg 3 3 1
S00207.jpg 1 1 1
M00207.jpg 2 2 1
V00207.jpg 3 3 1
S00208.jpg 1 1 1
M00208.jpg 2 2 1
V00208.jpg 3 3 1
S00209.jpg 1 1 1
M00209.jpg 2 2 1
V00209.jpg 3 3 1
S00210.jpg 1 1 1
M00210.jpg 2 2 1
V00210.jpg 3 3 1
S00211.jpg 1 1 1
M00211.jpg 2 2 1
V00211.jpg 3 3 1
S00214.jpg 1 1 1
M00214.jpg 2 2 1
V00214.jpg 3 3 1
S00215.jpg 1 1 1
M00215.jpg 2 2 1
V00215.jpg 3 3 1
S00216.jpg 1 1 1
M00216.jpg 2 2 1
V00216.jpg 3 3 1
S00217.jpg 1 1 1
M00217.jpg 2 2 1
V00217.jpg 3 3 1
S00218.jpg 1 1 1
M00218.jpg 2 2 1
V00218.jpg 3 3 1
S00219.jpg 1 1 1
M00219.jpg 2 2 1
V00219.jpg 3 3 1
S00220.jpg 1 1 1
M00220.jpg 2 2 1
V00220.jpg 3 3 1
S00221.jpg 1 1 1
M00221.jpg 2 2 1
V00221.jpg 3 3 1
S00224.jpg 1 1 1
M00224.jpg 2 2 1
V00224.jpg 3 3 1
S00225.jpg 1 1 1
M00225.jpg 2 2 1
V00225.jpg 3 3 1
S00226.jpg 1 1 1
M00226.jpg 2 2 1
V00226.jpg 3 3 1
S00227.jpg 1 1 1
M00227.jpg 2 2 1
V00227.jpg 3 3 1
S00228.jpg 1 1 1
M00228.jpg 2 2 1
V00228.jpg 3 3 1
S00229.jpg 1 1 1
M00229.jpg 2 2 1
V00229.jpg 3 3 1
S00230.jpg 1 1 1
M00230.jpg 2 2 1
V00230.jpg 3 3 1
S00231.jpg 1 1 1
M00231.jpg 2 2 1
V00231.jpg 3 3 1
S00234.jpg 1 1 1
M00234.jpg 2 2 1
V00234.jpg 3 3 1
S00235.jpg 1 1 1
M00235.jpg 2 2 1
V00235.jpg 3 3 1
S00236.jpg 1 1 1
M00236.jpg 2 2 1
V00236.jpg 3 3 1
S00237.jpg 1 1 1
M00237.jpg 2 2 1
V00237.jpg 3 3 1
S00238.jpg 1 1 1
M00238.jpg 2 2 1
V00238.jpg 3 3 1
S00239.jpg 1 1 1
M00239.jpg 2 2 1
V00239.jpg 3 3 1
S00240.jpg 1 1 1
M00240.jpg 2 2 1
V00240.jpg 3 3 1
S00241.jpg 1 1 1
M00241.jpg 2 2 1
V00241.jpg 3 3 1
S00244.jpg 1 1 1
M00244.jpg 2 2 1
V00244.jpg 3 3 1
S00245.jpg 1 1 1
M00245.jpg 2 2 1
V00245.jpg 3 3 1
S00246.jpg 1 1 1
M00246.jpg 2 2 1
V00246.jpg 3 3 1
S00247.jpg 1 1 1
M00247.jpg 2 2 1
V00247.jpg 3 3 1
S00248.jpg 1 1 1
M00248.jpg 2 2 1
V00248.jpg 3 3 1
S00249.jpg 1 1 1
M00249.jpg 2 2 1
V00249.jpg 3 3 1
S00250.jpg 1 1 1
M00250.jpg 2 2 1
V00250.jpg 3 3 1
S00251.jpg 1 1 1
M00251.jpg 2 2 1
V00251.jpg 3 3 1
S00254.jpg 1 1 1
M00254.jpg 2 2 1
V00254.jpg 3 3 1
S00255.jpg 1 1 1
M00255.jpg 2 2 1
V00255.jpg 3 3 1
S00256.jpg 1 1 1
M00256.jpg 2 2 1
V00256.jpg 3 3 1
S00257.jpg 1 1 1
M00257.jpg 2 2 1
V00257.jpg 3 3 1
S00258.jpg 1 1 1
M00258.jpg 2 2 1
V00258.jpg 3 3 1
S00259.jpg 1 1 1
M00259.jpg 2 2 1
V00259.jpg 3 3 1
S00260.jpg 1 1 1
M00260.jpg 2 2 1
V00260.jpg 3 3 1
S00261.jpg 1 1 1
M00261.jpg 2 2 1
V00261.jpg 3 3 1
S00264.jpg 1 1 1
M00264.jpg 2 2 1
V00264.jpg 3 3 1
S00265.jpg 1 1 1
M00265.jpg 2 2 1
V00265.jpg 3 3 1
S00266.jpg 1 1 1
M00266.jpg 2 2 1
V00266.jpg 3 3 1
S00267.jpg 1 1 1
M00267.jpg 2 2 1
V00267.jpg 3 3 1
S00268.jpg 1 1 1
M00268.jpg 2 2 1
V00268.jpg 3 3 1
S00269.jpg 1 1 1
M00269.jpg 2 2 1
V00269.jpg 3 3 1
S00270.jpg 1 1 1
M00270.jpg 2 2 1
V00270.jpg 3 3 1
S00271.jpg 1 1 1
M00271.jpg 2 2 1
V00271.jpg 3 3 1
S00274.jpg 1 1 1
M00274.jpg 2 2 1
V00274.jpg 3 3 1
S00275.jpg 1 1 1
M00275.jpg 2 2 1
V00275.jpg 3 3 1
S00276.jpg 1 1 1
M00276.jpg 2 2 1
V00276.jpg 3 3 1
S00277.jpg 1 1 1
M00277.jpg 2 2 1
V00277.jpg 3 3 1
S00278.jpg 1 1 1
M00278.jpg 2 2 1
V00278.jpg 3 3 1
S00279.jpg 1 1 1
M00279.jpg 2 2 1
V00279.jpg 3 3 1
S00280.jpg 1 1 1
M00280.jpg 2 2 1
V00280.jpg 3 3 1
S00281.jpg 1 1 1
M00281.jpg 2 2 1
V00281.jpg 3 3 1
S00284.jpg 1 1 1
M00284.jpg 2 2 1
V00284.jpg 3 3 1
S00285.jpg 1 1 1
M00285.jpg 2 2 1
V00285.jpg 3 3 1
S00286.jpg 1 1 1
M00286.jpg 2 2 1
V00286.jpg 3 3 1
S00287.jpg 1 1 1
M00287.jpg 2 2 1
V00287.jpg 3 3 1
S00288.jpg 1 1 1
M00288.jpg 2 2 1
V00288.jpg 3 3 1
S00289.jpg 1 1 1
M00289.jpg 2 2 1
V00289.jpg 3 3 1
S00290.jpg 1 1 1
M00290.jpg 2 2 1
V00290.jpg 3 3 1
S00291.jpg 1 1 1
M00291.jpg 2 2 1
V00291.jpg 3 3 1
S00294.jpg 1 1 1
M00294.jpg 2 2 1
V00294.jpg 3 3 1
S00295.jpg 1 1 1
M00295.jpg 2 2 1
V00295.jpg 3 3 1
S00296.jpg 1 1 1
M00296.jpg 2 2 1
V00296.jpg 3 3 1
S00297.jpg 1 1 1
M00297.jpg 2 2 1
V00297.jpg 3 3 1
S00298.jpg 1 1 1
M00298.jpg 2 2 1
V00298.jpg 3 3 1
S00299.jpg 1 1 1
M00299.jpg 2 2 1
V00299.jpg 3 3 1
S00300.jpg 1 1 1
M00300.jpg 2 2 1
V00300.jpg 3 3 1
S00301.jpg 1 1 1
M00301.jpg 2 2 1
V00301.jpg 3 3 1
S00304.jpg 1 1 1
M00304.jpg 2 2 1
V00304.jpg 3 3 1
S00305.jpg 1 1 1
M00305.jpg 2 2 1
V00305.jpg 3 3 1
S00306.jpg 1 1 1
M00306.jpg 2 2 1
V00306.jpg 3 3 1
S00307.jpg 1 1 1
M00307.jpg 2 2 1
V00307.jpg 3 3 1
S00308.jpg 1 1 1
M00308.jpg 2 2 1
V00308.jpg 3 3 1
S00309.jpg 1 1 1
M00309.jpg 2 2 1
V00309.jpg 3 3 1
S00310.jpg 1 1 1
M00310.jpg 2 2 1
V00310.jpg 3 3 1
S00311.jpg 1 1 1
M00311.jpg 2 2 1
V00311.jpg 3 3 1
S00314.jpg 1 1 1
M00314.jpg 2 2 1
V00314.jpg 3 3 1
S00315.jpg 1 1 1
M00315.jpg 2 2 1
V00315.jpg 3 3 1
S00316.jpg 1 1 1
M00316.jpg 2 2 1
V00316.jpg 3 3 1
S00317.jpg 1 1 1
M00317.jpg 2 2 1
V00317.jpg 3 3 1
S00318.jpg 1 1 1
M00318.jpg 2 2 1
V00318.jpg 3 3 1
S00319.jpg 1 1 1
M00319.jpg 2 2 1
V00319.jpg 3 3 1
S00320.jpg 1 1 1
M00320.jpg 2 2 1
V00320.jpg 3 3 1
S00321.jpg 1 1 1
M00321.jpg 2 2 1
V00321.jpg 3 3 1
S00324.jpg 1 1 1
M00324.jpg 2 2 1
V00324.jpg 3 3 1
S00325.jpg 1 1 1
M00325.jpg 2 2 1
V00325.jpg 3 3 1
S00326.jpg 1 1 1
M00326.jpg 2 2 1
V00326.jpg 3 3 1
S00327.jpg 1 1 1
M00327.jpg 2 2 1
V00327.jpg 3 3 1
S00328.jpg 1 1 1
M00328.jpg 2 2 1
V00328.jpg 3 3 1
S00329.jpg 1 1 1
M00329.jpg 2 2 1
V00329.jpg 3 3 1
S00330.jpg 1 1 1
M00330.jpg 2 2 1
V00330.jpg 3 3 1
S00331.jpg 1 1 1
M00331.jpg 2 2 1
V00331.jpg 3 3 1
S00334.jpg 1 1 1
M00334.jpg 2 2 1
V00334.jpg 3 3 1
S00335.jpg 1 1 1
M00335.jpg 2 2 1
V00335.jpg 3 3 1
S00336.jpg 1 1 1
M00336.jpg 2 2 1
V00336.jpg 3 3 1
S00337.jpg 1 1 1
M00337.jpg 2 2 1
V00337.jpg 3 3 1
S00338.jpg 1 1 1
M00338.jpg 2 2 1
V00338.jpg 3 3 1
S00339.jpg 1 1 1
M00339.jpg 2 2 1
V00339.jpg 3 3 1
S00340.jpg 1 1 1
M00340.jpg 2 2 1
V00340.jpg 3 3 1
S00341.jpg 1 1 1
M00341.jpg 2 2 1
V00341.jpg 3 3 1
S00344.jpg 1 1 1
M00344.jpg 2 2 1
V00344.jpg 3 3 1
S00345.jpg 1 1 1
M00345.jpg 2 2 1
V00345.jpg 3 3 1
S00346.jpg 1 1 1
M00346.jpg 2 2 1
V00346.jpg 3 3 1
S00347.jpg 1 1 1
M00347.jpg 2 2 1
V00347.jpg 3 3 1
S00348.jpg 1 1 1
M00348.jpg 2 2 1
V00348.jpg 3 3 1
S00349.jpg 1 1 1
M00349.jpg 2 2 1
V00349.jpg 3 3 1
S00350.jpg 1 1 1
M00350.jpg 2 2 1
V00350.jpg 3 3 1
S00351.jpg 1 1 1
M00351.jpg 2 2 1
V00351.jpg 3 3 1
S00354.jpg 1 1 1
M00354.jpg 2 2 1
V00354.jpg 3 3 1
S00355.jpg 1 1 1
M00355.jpg 2 2 1
V00355.jpg 3 3 1
S00356.jpg 1 1 1
M00356.jpg 2 2 1
V00356.jpg 3 3 1
S00357.jpg 1 1 1
M00357.jpg 2 2 1
V00357.jpg 3 3 1
S00358.jpg 1 1 1
M00358.jpg 2 2 1
V00358.jpg 3 3 1
S00359.jpg 1 1 1
M00359.jpg 2 2 1
V00359.jpg 3 3 1
S00360.jpg 1 1 1
M00360.jpg 2 2 1
V00360.jpg 3 3 1
S00361.jpg 1 1 1
M00361.jpg 2 2 1
V00361.jpg 3 3 1
S00364.jpg 1 1 1
M00364.jpg 2 2 1
V00364.jpg 3 3 1
S00365.jpg 1 1 1
M00365.jpg 2 2 1
V00365.jpg 3 3 1
S00366.jpg 1 1 1
M00366.jpg 2 2 1
V00366.jpg 3 3 1
S00367.jpg 1 1 1
M00367.jpg 2 2 1
V00367.jpg 3 3 1
S00368.jpg 1 1 1
M00368.jpg 2 2 1
V00368.jpg 3 3 1
S00369.jpg 1 1 1
M00369.jpg 2 2 1
V00369.jpg 3 3 1
S00370.jpg 1 1 1
M00370.jpg 2 2 1
V00370.jpg 3 3 1
S00371.jpg 1 1 1
M00371.jpg 2 2 1
V00371.jpg 3 3 1
S00374.jpg 1 1 1
M00374.jpg 2 2 1
V00374.jpg 3 3 1
S00375.jpg 1 1 1
M00375.jpg 2 2 1
V00375.jpg 3 3 1
S00376.jpg 1 1 1
M00376.jpg 2 2 1
V00376.jpg 3 3 1
S00377.jpg 1 1 1
M00377.jpg 2 2 1
V00377.jpg 3 3 1
S00378.jpg 1 1 1
M00378.jpg 2 2 1
V00378.jpg 3 3 1
S00379.jpg 1 1 1
M00379.jpg 2 2 1
V00379.jpg 3 3 1
S00380.jpg 1 1 1
M00380.jpg 2 2 1
V00380.jpg 3 3 1
S00381.jpg 1 1 1
M00381.jpg 2 2 1
V00381.jpg 3 3 1
S00384.jpg 1 1 1
M00384.jpg 2 2 1
V00384.jpg 3 3 1
S00385.jpg 1 1 1
M00385.jpg 2 2 1
V00385.jpg 3 3 1
S00386.jpg 1 1 1
M00386.jpg 2 2 1
V00386.jpg 3 3 1
S00387.jpg 1 1 1
M00387.jpg 2 2 1
V00387.jpg 3 3 1
S00388.jpg 1 1 1
M00388.jpg 2 2 1
V00388.jpg 3 3 1
S00389.jpg 1 1 1
M00389.jpg 2 2 1
V00389.jpg 3 3 1
S00390.jpg 1 1 1
M00390.jpg 2 2 1
V00390.jpg 3 3 1
S00391.jpg 1 1 1
M00391.jpg 2 2 1
V00391.jpg 3 3 1
S00394.jpg 1 1 1
M00394.jpg 2 2 1
V00394.jpg 3 3 1
S00395.jpg 1 1 1
M00395.jpg 2 2 1
V00395.jpg 3 3 1
S00396.jpg 1 1 1
M00396.jpg 2 2 1
V00396.jpg 3 3 1
S00397.jpg 1 1 1
M00397.jpg 2 2 1
V00397.jpg 3 3 1
S00398.jpg 1 1 1
M00398.jpg 2 2 1
V00398.jpg 3 3 1
S00399.jpg 1 1 1
M00399.jpg 2 2 1
V00399.jpg 3 3 1
S00400.jpg 1 1 1
M00400.jpg 2 2 1
V00400.jpg 3 3 1
S00401.jpg 1 1 1
M00401.jpg 2 2 1
V00401.jpg 3 3 1
S00404.jpg 1 1 1
M00404.jpg 2 2 1
V00404.jpg 3 3 1
S00405.jpg 1 1 1
M00405.jpg 2 2 1
V00405.jpg 3 3 1
S00406.jpg 1 1 1
M00406.jpg 2 2 1
V00406.jpg 3 3 1
S00407.jpg 1 1 1
M00407.jpg 2 2 1
V00407.jpg 3 3 1
S00408.jpg 1 1 1
M00408.jpg 2 2 1
V00408.jpg 3 3 1
S00409.jpg 1 1 1
M00409.jpg 2 2 1
V00409.jpg 3 3 1
S00410.jpg 1 1 1
M00410.jpg 2 2 1
V00410.jpg 3 3 1
S00411.jpg 1 1 1
M00411.jpg 2 2 1
V00411.jpg 3 3 1
S00414.jpg 1 1 1
M00414.jpg 2 2 1
V00414.jpg 3 3 1
S00415.jpg 1 1 1
M00415.jpg 2 2 1
V00415.jpg 3 3 1
S00416.jpg 1 1 1
M00416.jpg 2 2 1
V00416.jpg 3 3 1
S00417.jpg 1 1 1
M00417.jpg 2 2 1
V00417.jpg 3 3 1
S00418.jpg 1 1 1
M00418.jpg 2 2 1
V00418.jpg 3 3 1
S00419.jpg 1 1 1
M00419.jpg 2 2 1
V00419.jpg 3 3 1
S00420.jpg 1 1 1
M00420.jpg 2 2 1
V00420.jpg 3 3 1
S00421.jpg 1 1 1
M00421.jpg 2 2 1
V00421.jpg 3 3 1
S00424.jpg 1 1 1
M00424.jpg 2 2 1
V00424.jpg 3 3 1
S00425.jpg 1 1 1
M00425.jpg 2 2 1
V00425.jpg 3 3 1
S00426.jpg 1 1 1
M00426.jpg 2 2 1
V00426.jpg 3 3 1
S00427.jpg 1 1 1
M00427.jpg 2 2 1
V00427.jpg 3 3 1
S00428.jpg 1 1 1
M00428.jpg 2 2 1
V00428.jpg 3 3 1
S00429.jpg 1 1 1
M00429.jpg 2 2 1
V00429.jpg 3 3 1
S00430.jpg 1 1 1
M00430.jpg 2 2 1
V00430.jpg 3 3 1
S00431.jpg 1 1 1
M00431.jpg 2 2 1
V00431.jpg 3 3 1
S00434.jpg 1 1 1
M00434.jpg 2 2 1
V00434.jpg 3 3 1
S00435.jpg 1 1 1
M00435.jpg 2 2 1
V00435.jpg 3 3 1
S00436.jpg 1 1 1
M00436.jpg 2 2 1
V00436.jpg 3 3 1
S00437.jpg 1 1 1
M00437.jpg 2 2 1
V00437.jpg 3 3 1
S00438.jpg 1 1 1
M00438.jpg 2 2 1
V00438.jpg 3 3 1
S00439.jpg 1 1 1
M00439.jpg 2 2 1
V00439.jpg 3 3 1
S00440.jpg 1 1 1
M00440.jpg 2 2 1
V00440.jpg 3 3 1
S00441.jpg 1 1 1
M00441.jpg 2 2 1
V00441.jpg 3 3 1
S00444.jpg 1 1 1
M00444.jpg 2 2 1
V00444.jpg 3 3 1
S00445.jpg 1 1 1
M00445.jpg 2 2 1
V00445.jpg 3 3 1
S00446.jpg 1 1 1
M00446.jpg 2 2 1
V00446.jpg 3 3 1
S00447.jpg 1 1 1
M00447.jpg 2 2 1
V00447.jpg 3 3 1
S00448.jpg 1 1 1
M00448.jpg 2 2 1
V00448.jpg 3 3 1
S00449.jpg 1 1 1
M00449.jpg 2 2 1
V00449.jpg 3 3 1
S00450.jpg 1 1 1
M00450.jpg 2 2 1
V00450.jpg 3 3 1
S00451.jpg 1 1 1
M00451.jpg 2 2 1
V00451.jpg 3 3 1
S00454.jpg 1 1 1
M00454.jpg 2 2 1
V00454.jpg 3 3 1
S00455.jpg 1 1 1
M00455.jpg 2 2 1
V00455.jpg 3 3 1
S00456.jpg 1 1 1
M00456.jpg 2 2 1
V00456.jpg 3 3 1
S00457.jpg 1 1 1
M00457.jpg 2 2 1
V00457.jpg 3 3 1
S00458.jpg 1 1 1
M00458.jpg 2 2 1
V00458.jpg 3 3 1
S00459.jpg 1 1 1
M00459.jpg 2 2 1
V00459.jpg 3 3 1
S00460.jpg 1 1 1
M00460.jpg 2 2 1
V00460.jpg 3 3 1
S00461.jpg 1 1 1
M00461.jpg 2 2 1
V00461.jpg 3 3 1
S00464.jpg 1 1 1
M00464.jpg 2 2 1
V00464.jpg 3 3 1
S00465.jpg 1 1 1
M00465.jpg 2 2 1
V00465.jpg 3 3 1
S00466.jpg 1 1 1
M00466.jpg 2 2 1
V00466.jpg 3 3 1
S00467.jpg 1 1 1
M00467.jpg 2 2 1
V00467.jpg 3 3 1
S00468.jpg 1 1 1
M00468.jpg 2 2 1
V00468.jpg 3 3 1
S00469.jpg 1 1 1
M00469.jpg 2 2 1
V00469.jpg 3 3 1
S00470.jpg 1 1 1
M00470.jpg 2 2 1
V00470.jpg 3 3 1
S00471.jpg 1 1 1
M00471.jpg 2 2 1
V00471.jpg 3 3 1
S00474.jpg 1 1 1
M00474.jpg 2 2 1
V00474.jpg 3 3 1
S00475.jpg 1 1 1
M00475.jpg 2 2 1
V00475.jpg 3 3 1
S00476.jpg 1 1 1
M00476.jpg 2 2 1
V00476.jpg 3 3 1
S00477.jpg 1 1 1
M00477.jpg 2 2 1
V00477.jpg 3 3 1
S00478.jpg 1 1 1
M00478.jpg 2 2 1
V00478.jpg 3 3 1
S00479.jpg 1 1 1
M00479.jpg 2 2 1
V00479.jpg 3 3 1
S00480.jpg 1 1 1
M00480.jpg 2 2 1
V00480.jpg 3 3 1
S00481.jpg 1 1 1
M00481.jpg 2 2 1
V00481.jpg 3 3 1
S00484.jpg 1 1 1
M00484.jpg 2 2 1
V00484.jpg 3 3 1
S00485.jpg 1 1 1
M00485.jpg 2 2 1
V00485.jpg 3 3 1
S00486.jpg 1 1 1
M00486.jpg 2 2 1
V00486.jpg 3 3 1
S00487.jpg 1 1 1
M00487.jpg 2 2 1
V00487.jpg 3 3 1
S00488.jpg 1 1 1
M00488.jpg 2 2 1
V00488.jpg 3 3 1
S00489.jpg 1 1 1
M00489.jpg 2 2 1
V00489.jpg 3 3 1
S00490.jpg 1 1 1
M00490.jpg 2 2 1
V00490.jpg 3 3 1
S00491.jpg 1 1 1
M00491.jpg 2 2 1
V00491.jpg 3 3 1
S00494.jpg 1 1 1
M00494.jpg 2 2 1
V00494.jpg 3 3 1
S00495.jpg 1 1 1
M00495.jpg 2 2 1
V00495.jpg 3 3 1
S00496.jpg 1 1 1
M00496.jpg 2 2 1
V00496.jpg 3 3 1
S00497.jpg 1 1 1
M00497.jpg 2 2 1
V00497.jpg 3 3 1
S00498.jpg 1 1 1
M00498.jpg 2 2 1
V00498.jpg 3 3 1
S00499.jpg 1 1 1
M00499.jpg 2 2 1
V00499.jpg 3 3 1
S00500.jpg 1 1 1
M00500.jpg 2 2 1
V00500.jpg 3 3 1
S00501.jpg 1 1 1
M00501.jpg 2 2 1
V00501.jpg 3 3 1
S00504.jpg 1 1 1
M00504.jpg 2 2 1
V00504.jpg 3 3 1
S00505.jpg 1 1 1
M00505.jpg 2 2 1
V00505.jpg 3 3 1
S00506.jpg 1 1 1
M00506.jpg 2 2 1
V00506.jpg 3 3 1
S00507.jpg 1 1 1
M00507.jpg 2 2 1
V00507.jpg 3 3 1
S00508.jpg 1 1 1
M00508.jpg 2 2 1
V00508.jpg 3 3 1
S00509.jpg 1 1 1
M00509.jpg 2 2 1
V00509.jpg 3 3 1
S00510.jpg 1 1 1
M00510.jpg 2 2 1
V00510.jpg 3 3 1
S00511.jpg 1 1 1
M00511.jpg 2 2 1
V00511.jpg 3 3 1
S00514.jpg 1 1 1
M00514.jpg 2 2 1
V00514.jpg 3 3 1
S00515.jpg 1 1 1
M00515.jpg 2 2 1
V00515.jpg 3 3 1
S00516.jpg 1 1 1
M00516.jpg 2 2 1
V00516.jpg 3 3 1
S00517.jpg 1 1 1
M00517.jpg 2 2 1
V00517.jpg 3 3 1
S00518.jpg 1 1 1
M00518.jpg 2 2 1
V00518.jpg 3 3 1
S00519.jpg 1 1 1
M00519.jpg 2 2 1
V00519.jpg 3 3 1
S00520.jpg 1 1 1
M00520.jpg 2 2 1
V00520.jpg 3 3 1
S00521.jpg 1 1 1
M00521.jpg 2 2 1
V00521.jpg 3 3 1
S00524.jpg 1 1 1
M00524.jpg 2 2 1
V00524.jpg 3 3 1
S00525.jpg 1 1 1
M00525.jpg 2 2 1
V00525.jpg 3 3 1
S00526.jpg 1 1 1
M00526.jpg 2 2 1
V00526.jpg 3 3 1
S00527.jpg 1 1 1
M00527.jpg 2 2 1
V00527.jpg 3 3 1
S00528.jpg 1 1 1
M00528.jpg 2 2 1
V00528.jpg 3 3 1
S00529.jpg 1 1 1
M00529.jpg 2 2 1
V00529.jpg 3 3 1
S00530.jpg 1 1 1
M00530.jpg 2 2 1
V00530.jpg 3 3 1
S00531.jpg 1 1 1
M00531.jpg 2 2 1
V00531.jpg 3 3 1
S00534.jpg 1 1 1
M00534.jpg 2 2 1
V00534.jpg 3 3 1
S00535.jpg 1 1 1
M00535.jpg 2 2 1
V00535.jpg 3 3 1
S00536.jpg 1 1 1
M00536.jpg 2 2 1
V00536.jpg 3 3 1
S00537.jpg 1 1 1
M00537.jpg 2 2 1
V00537.jpg 3 3 1
S00538.jpg 1 1 1
M00538.jpg 2 2 1
V00538.jpg 3 3 1
S00539.jpg 1 1 1
M00539.jpg 2 2 1
V00539.jpg 3 3 1
S00540.jpg 1 1 1
M00540.jpg 2 2 1
V00540.jpg 3 3 1
S00541.jpg 1 1 1
M00541.jpg 2 2 1
V00541.jpg 3 3 1
S00544.jpg 1 1 1
M00544.jpg 2 2 1
V00544.jpg 3 3 1
S00545.jpg 1 1 1
M00545.jpg 2 2 1
V00545.jpg 3 3 1
S00546.jpg 1 1 1
M00546.jpg 2 2 1
V00546.jpg 3 3 1
S00547.jpg 1 1 1
M00547.jpg 2 2 1
V00547.jpg 3 3 1
S00548.jpg 1 1 1
M00548.jpg 2 2 1
V00548.jpg 3 3 1
S00549.jpg 1 1 1
M00549.jpg 2 2 1
V00549.jpg 3 3 1
S00550.jpg 1 1 1
M00550.jpg 2 2 1
V00550.jpg 3 3 1
S00551.jpg 1 1 1
M00551.jpg 2 2 1
V00551.jpg 3 3 1
S00554.jpg 1 1 1
M00554.jpg 2 2 1
V00554.jpg 3 3 1
S00555.jpg 1 1 1
M00555.jpg 2 2 1
V00555.jpg 3 3 1
S00556.jpg 1 1 1
M00556.jpg 2 2 1
V00556.jpg 3 3 1
S00557.jpg 1 1 1
M00557.jpg 2 2 1
V00557.jpg 3 3 1
S00558.jpg 1 1 1
M00558.jpg 2 2 1
V00558.jpg 3 3 1
S00559.jpg 1 1 1
M00559.jpg 2 2 1
V00559.jpg 3 3 1
S00560.jpg 1 1 1
M00560.jpg 2 2 1
V00560.jpg 3 3 1
S00561.jpg 1 1 1
M00561.jpg 2 2 1
V00561.jpg 3 3 1
S00564.jpg 1 1 1
M00564.jpg 2 2 1
V00564.jpg 3 3 1
S00565.jpg 1 1 1
M00565.jpg 2 2 1
V00565.jpg 3 3 1
S00566.jpg 1 1 1
M00566.jpg 2 2 1
V00566.jpg 3 3 1
S00567.jpg 1 1 1
M00567.jpg 2 2 1
V00567.jpg 3 3 1
S00568.jpg 1 1 1
M00568.jpg 2 2 1
V00568.jpg 3 3 1
S00569.jpg 1 1 1
M00569.jpg 2 2 1
V00569.jpg 3 3 1
S00570.jpg 1 1 1
M00570.jpg 2 2 1
V00570.jpg 3 3 1
S00571.jpg 1 1 1
M00571.jpg 2 2 1
V00571.jpg 3 3 1
S00574.jpg 1 1 1
M00574.jpg 2 2 1
V00574.jpg 3 3 1
S00575.jpg 1 1 1
M00575.jpg 2 2 1
V00575.jpg 3 3 1
S00576.jpg 1 1 1
M00576.jpg 2 2 1
V00576.jpg 3 3 1
S00577.jpg 1 1 1
M00577.jpg 2 2 1
V00577.jpg 3 3 1
S00578.jpg 1 1 1
M00578.jpg 2 2 1
V00578.jpg 3 3 1
S00579.jpg 1 1 1
M00579.jpg 2 2 1
V00579.jpg 3 3 1
S00580.jpg 1 1 1
M00580.jpg 2 2 1
V00580.jpg 3 3 1
S00581.jpg 1 1 1
M00581.jpg 2 2 1
V00581.jpg 3 3 1
S00584.jpg 1 1 1
M00584.jpg 2 2 1
V00584.jpg 3 3 1
S00585.jpg 1 1 1
M00585.jpg 2 2 1
V00585.jpg 3 3 1
S00586.jpg 1 1 1
M00586.jpg 2 2 1
V00586.jpg 3 3 1
S00587.jpg 1 1 1
M00587.jpg 2 2 1
V00587.jpg 3 3 1
S00588.jpg 1 1 1
M00588.jpg 2 2 1
V00588.jpg 3 3 1
S00589.jpg 1 1 1
M00589.jpg 2 2 1
V00589.jpg 3 3 1
S00590.jpg 1 1 1
M00590.jpg 2 2 1
V00590.jpg 3 3 1
S00591.jpg 1 1 1
M00591.jpg 2 2 1
V00591.jpg 3 3 1
S00594.jpg 1 1 1
M00594.jpg 2 2 1
V00594.jpg 3 3 1
S00595.jpg 1 1 1
M00595.jpg 2 2 1
V00595.jpg 3 3 1
S00596.jpg 1 1 1
M00596.jpg 2 2 1
V00596.jpg 3 3 1
S00597.jpg 1 1 1
M00597.jpg 2 2 1
V00597.jpg 3 3 1
S00598.jpg 1 1 1
M00598.jpg 2 2 1
V00598.jpg 3 3 1
S00599.jpg 1 1 1
M00599.jpg 2 2 1
V00599.jpg 3 3 1
S00600.jpg 1 1 1
M00600.jpg 2 2 1
V00600.jpg 3 3 1
S00601.jpg 1 1 1
M00601.jpg 2 2 1
V00601.jpg 3 3 1
S00604.jpg 1 1 1
M00604.jpg 2 2 1
V00604.jpg 3 3 1
S00605.jpg 1 1 1
M00605.jpg 2 2 1
V00605.jpg 3 3 1
S00606.jpg 1 1 1
M00606.jpg 2 2 1
V00606.jpg 3 3 1
S00607.jpg 1 1 1
M00607.jpg 2 2 1
V00607.jpg 3 3 1
S00608.jpg 1 1 1
M00608.jpg 2 2 1
V00608.jpg 3 3 1
S00609.jpg 1 1 1
M00609.jpg 2 2 1
V00609.jpg 3 3 1
S00610.jpg 1 1 1
M00610.jpg 2 2 1
V00610.jpg 3 3 1
S00611.jpg 1 1 1
M00611.jpg 2 2 1
V00611.jpg 3 3 1
S00614.jpg 1 1 1
M00614.jpg 2 2 1
V00614.jpg 3 3 1
S00615.jpg 1 1 1
M00615.jpg 2 2 1
V00615.jpg 3 3 1
S00616.jpg 1 1 1
M00616.jpg 2 2 1
V00616.jpg 3 3 1
S00617.jpg 1 1 1
M00617.jpg 2 2 1
V00617.jpg 3 3 1
S00618.jpg 1 1 1
M00618.jpg 2 2 1
V00618.jpg 3 3 1
S00619.jpg 1 1 1
M00619.jpg 2 2 1
V00619.jpg 3 3 1
S00620.jpg 1 1 1
M00620.jpg 2 2 1
V00620.jpg 3 3 1
S00621.jpg 1 1 1
M00621.jpg 2 2 1
V00621.jpg 3 3 1
S00624.jpg 1 1 1
M00624.jpg 2 2 1
V00624.jpg 3 3 1
S00625.jpg 1 1 1
M00625.jpg 2 2 1
V00625.jpg 3 3 1
S00626.jpg 1 1 1
M00626.jpg 2 2 1
V00626.jpg 3 3 1
S00627.jpg 1 1 1
M00627.jpg 2 2 1
V00627.jpg 3 3 1
S00628.jpg 1 1 1
M00628.jpg 2 2 1
V00628.jpg 3 3 1
S00629.jpg 1 1 1
M00629.jpg 2 2 1
V00629.jpg 3 3 1
S00630.jpg 1 1 1
M00630.jpg 2 2 1
V00630.jpg 3 3 1
S00631.jpg 1 1 1
M00631.jpg 2 2 1
V00631.jpg 3 3 1
S00634.jpg 1 1 1
M00634.jpg 2 2 1
V00634.jpg 3 3 1
S00635.jpg 1 1 1
M00635.jpg 2 2 1
V00635.jpg 3 3 1
S00636.jpg 1 1 1
M00636.jpg 2 2 1
V00636.jpg 3 3 1
S00637.jpg 1 1 1
M00637.jpg 2 2 1
V00637.jpg 3 3 1
S00638.jpg 1 1 1
M00638.jpg 2 2 1
V00638.jpg 3 3 1
S00639.jpg 1 1 1
M00639.jpg 2 2 1
V00639.jpg 3 3 1
S00640.jpg 1 1 1
M00640.jpg 2 2 1
V00640.jpg 3 3 1
S00641.jpg 1 1 1
M00641.jpg 2 2 1
V00641.jpg 3 3 1
S00644.jpg 1 1 1
M00644.jpg 2 2 1
V00644.jpg 3 3 1
S00645.jpg 1 1 1
M00645.jpg 2 2 1
V00645.jpg 3 3 1
S00646.jpg 1 1 1
M00646.jpg 2 2 1
V00646.jpg 3 3 1
S00647.jpg 1 1 1
M00647.jpg 2 2 1
V00647.jpg 3 3 1
S00648.jpg 1 1 1
M00648.jpg 2 2 1
V00648.jpg 3 3 1
S00649.jpg 1 1 1
M00649.jpg 2 2 1
V00649.jpg 3 3 1
S00650.jpg 1 1 1
M00650.jpg 2 2 1
V00650.jpg 3 3 1
S00651.jpg 1 1 1
M00651.jpg 2 2 1
V00651.jpg 3 3 1
S00654.jpg 1 1 1
M00654.jpg 2 2 1
V00654.jpg 3 3 1
S00655.jpg 1 1 1
M00655.jpg 2 2 1
V00655.jpg 3 3 1
S00656.jpg 1 1 1
M00656.jpg 2 2 1
V00656.jpg 3 3 1
S00657.jpg 1 1 1
M00657.jpg 2 2 1
V00657.jpg 3 3 1
S00658.jpg 1 1 1
M00658.jpg 2 2 1
V00658.jpg 3 3 1
S00659.jpg 1 1 1
M00659.jpg 2 2 1
V00659.jpg 3 3 1
S00660.jpg 1 1 1
M00660.jpg 2 2 1
V00660.jpg 3 3 1
S00661.jpg 1 1 1
M00661.jpg 2 2 1
V00661.jpg 3 3 1
S00664.jpg 1 1 1
M00664.jpg 2 2 1
V00664.jpg 3 3 1
S00665.jpg 1 1 1
M00665.jpg 2 2 1
V00665.jpg 3 3 1
S00666.jpg 1 1 1
M00666.jpg 2 2 1
V00666.jpg 3 3 1
S00667.jpg 1 1 1
M00667.jpg 2 2 1
V00667.jpg 3 3 1
S00668.jpg 1 1 1
M00668.jpg 2 2 1
V00668.jpg 3 3 1
S00669.jpg 1 1 1
M00669.jpg 2 2 1
V00669.jpg 3 3 1
S00670.jpg 1 1 1
M00670.jpg 2 2 1
V00670.jpg 3 3 1
S00671.jpg 1 1 1
M00671.jpg 2 2 1
V00671.jpg 3 3 1
S00674.jpg 1 1 1
M00674.jpg 2 2 1
V00674.jpg 3 3 1
S00675.jpg 1 1 1
M00675.jpg 2 2 1
V00675.jpg 3 3 1
S00676.jpg 1 1 1
M00676.jpg 2 2 1
V00676.jpg 3 3 1
S00677.jpg 1 1 1
M00677.jpg 2 2 1
V00677.jpg 3 3 1
S00678.jpg 1 1 1
M00678.jpg 2 2 1
V00678.jpg 3 3 1
S00679.jpg 1 1 1
M00679.jpg 2 2 1
V00679.jpg 3 3 1
S00680.jpg 1 1 1
M00680.jpg 2 2 1
V00680.jpg 3 3 1
S00681.jpg 1 1 1
M00681.jpg 2 2 1
V00681.jpg 3 3 1
S00684.jpg 1 1 1
M00684.jpg 2 2 1
V00684.jpg 3 3 1
S00685.jpg 1 1 1
M00685.jpg 2 2 1
V00685.jpg 3 3 1
S00686.jpg 1 1 1
M00686.jpg 2 2 1
V00686.jpg 3 3 1
S00687.jpg 1 1 1
M00687.jpg 2 2 1
V00687.jpg 3 3 1
S00688.jpg 1 1 1
M00688.jpg 2 2 1
V00688.jpg 3 3 1
S00689.jpg 1 1 1
M00689.jpg 2 2 1
V00689.jpg 3 3 1
S00690.jpg 1 1 1
M00690.jpg 2 2 1
V00690.jpg 3 3 1
S00691.jpg 1 1 1
M00691.jpg 2 2 1
V00691.jpg 3 3 1
S00694.jpg 1 1 1
M00694.jpg 2 2 1
V00694.jpg 3 3 1
S00695.jpg 1 1 1
M00695.jpg 2 2 1
V00695.jpg 3 3 1
S00696.jpg 1 1 1
M00696.jpg 2 2 1
V00696.jpg 3 3 1
S00697.jpg 1 1 1
M00697.jpg 2 2 1
V00697.jpg 3 3 1
S00698.jpg 1 1 1
M00698.jpg 2 2 1
V00698.jpg 3 3 1
S00699.jpg 1 1 1
M00699.jpg 2 2 1
V00699.jpg 3 3 1
S00700.jpg 1 1 1
M00700.jpg 2 2 1
V00700.jpg 3 3 1
S00701.jpg 1 1 1
M00701.jpg 2 2 1
V00701.jpg 3 3 1
S00704.jpg 1 1 1
M00704.jpg 2 2 1
V00704.jpg 3 3 1
S00705.jpg 1 1 1
M00705.jpg 2 2 1
V00705.jpg 3 3 1
S00706.jpg 1 1 1
M00706.jpg 2 2 1
V00706.jpg 3 3 1
S00707.jpg 1 1 1
M00707.jpg 2 2 1
V00707.jpg 3 3 1
S00708.jpg 1 1 1
M00708.jpg 2 2 1
V00708.jpg 3 3 1
S00709.jpg 1 1 1
M00709.jpg 2 2 1
V00709.jpg 3 3 1
S00710.jpg 1 1 1
M00710.jpg 2 2 1
V00710.jpg 3 3 1
S00712.jpg 1 1 1
M00712.jpg 2 2 1
V00712.jpg 3 3 1
S00715.jpg 1 1 1
M00715.jpg 2 2 1
V00715.jpg 3 3 1
S00716.jpg 1 1 1
M00716.jpg 2 2 1
V00716.jpg 3 3 1
S00717.jpg 1 1 1
M00717.jpg 2 2 1
V00717.jpg 3 3 1
S00718.jpg 1 1 1
M00718.jpg 2 2 1
V00718.jpg 3 3 1
S00719.jpg 1 1 1
M00719.jpg 2 2 1
V00719.jpg 3 3 1
S00720.jpg 1 1 1
M00720.jpg 2 2 1
V00720.jpg 3 3 1
S00721.jpg 1 1 1
M00721.jpg 2 2 1
V00721.jpg 3 3 1
S00722.jpg 1 1 1
M00722.jpg 2 2 1
V00722.jpg 3 3 1
S00725.jpg 1 1 1
M00725.jpg 2 2 1
V00725.jpg 3 3 1
S00726.jpg 1 1 1
M00726.jpg 2 2 1
V00726.jpg 3 3 1
S00727.jpg 1 1 1
M00727.jpg 2 2 1
V00727.jpg 3 3 1
S00728.jpg 1 1 1
M00728.jpg 2 2 1
V00728.jpg 3 3 1
S00729.jpg 1 1 1
M00729.jpg 2 2 1
V00729.jpg 3 3 1
S00730.jpg 1 1 1
M00730.jpg 2 2 1
V00730.jpg 3 3 1
S00731.jpg 1 1 1
M00731.jpg 2 2 1
V00731.jpg 3 3 1
S00732.jpg 1 1 1
M00732.jpg 2 2 1
V00732.jpg 3 3 1
S00735.jpg 1 1 1
M00735.jpg 2 2 1
V00735.jpg 3 3 1
S00736.jpg 1 1 1
M00736.jpg 2 2 1
V00736.jpg 3 3 1
S00737.jpg 1 1 1
M00737.jpg 2 2 1
V00737.jpg 3 3 1
S00738.jpg 1 1 1
M00738.jpg 2 2 1
V00738.jpg 3 3 1
S00739.jpg 1 1 1
M00739.jpg 2 2 1
V00739.jpg 3 3 1
S00740.jpg 1 1 1
M00740.jpg 2 2 1
V00740.jpg 3 3 1
S00741.jpg 1 1 1
M00741.jpg 2 2 1
V00741.jpg 3 3 1
S00742.jpg 1 1 1
M00742.jpg 2 2 1
V00742.jpg 3 3 1
S00745.jpg 1 1 1
M00745.jpg 2 2 1
V00745.jpg 3 3 1
S00746.jpg 1 1 1
M00746.jpg 2 2 1
V00746.jpg 3 3 1
S00747.jpg 1 1 1
M00747.jpg 2 2 1
V00747.jpg 3 3 1
S00748.jpg 1 1 1
M00748.jpg 2 2 1
V00748.jpg 3 3 1
S00749.jpg 1 1 1
M00749.jpg 2 2 1
V00749.jpg 3 3 1
S00750.jpg 1 1 1
M00750.jpg 2 2 1
V00750.jpg 3 3 1
S00751.jpg 1 1 1
M00751.jpg 2 2 1
V00751.jpg 3 3 1
S00752.jpg 1 1 1
M00752.jpg 2 2 1
V00752.jpg 3 3 1
S00755.jpg 1 1 1
M00755.jpg 2 2 1
V00755.jpg 3 3 1
S00756.jpg 1 1 1
M00756.jpg 2 2 1
V00756.jpg 3 3 1
S00757.jpg 1 1 1
M00757.jpg 2 2 1
V00757.jpg 3 3 1
S00758.jpg 1 1 1
M00758.jpg 2 2 1
V00758.jpg 3 3 1
S00759.jpg 1 1 1
M00759.jpg 2 2 1
V00759.jpg 3 3 1
S00760.jpg 1 1 1
M00760.jpg 2 2 1
V00760.jpg 3 3 1
S00761.jpg 1 1 1
M00761.jpg 2 2 1
V00761.jpg 3 3 1
S00762.jpg 1 1 1
M00762.jpg 2 2 1
V00762.jpg 3 3 1
S00765.jpg 1 1 1
M00765.jpg 2 2 1
V00765.jpg 3 3 1
S00766.jpg 1 1 1
M00766.jpg 2 2 1
V00766.jpg 3 3 1
S00767.jpg 1 1 1
M00767.jpg 2 2 1
V00767.jpg 3 3 1
S00768.jpg 1 1 1
M00768.jpg 2 2 1
V00768.jpg 3 3 1
S00769.jpg 1 1 1
M00769.jpg 2 2 1
V00769.jpg 3 3 1
S00770.jpg 1 1 1
M00770.jpg 2 2 1
V00770.jpg 3 3 1
S00771.jpg 1 1 1
M00771.jpg 2 2 1
V00771.jpg 3 3 1
S00772.jpg 1 1 1
M00772.jpg 2 2 1
V00772.jpg 3 3 1
S00775.jpg 1 1 1
M00775.jpg 2 2 1
V00775.jpg 3 3 1
S00776.jpg 1 1 1
M00776.jpg 2 2 1
V00776.jpg 3 3 1
S00777.jpg 1 1 1
M00777.jpg 2 2 1
V00777.jpg 3 3 1
S00778.jpg 1 1 1
M00778.jpg 2 2 1
V00778.jpg 3 3 1
S00779.jpg 1 1 1
M00779.jpg 2 2 1
V00779.jpg 3 3 1
S00780.jpg 1 1 1
M00780.jpg 2 2 1
V00780.jpg 3 3 1
S00781.jpg 1 1 1
M00781.jpg 2 2 1
V00781.jpg 3 3 1
S00782.jpg 1 1 1
M00782.jpg 2 2 1
V00782.jpg 3 3 1
S00785.jpg 1 1 1
M00785.jpg 2 2 1
V00785.jpg 3 3 1
S00786.jpg 1 1 1
M00786.jpg 2 2 1
V00786.jpg 3 3 1
S00787.jpg 1 1 1
M00787.jpg 2 2 1
V00787.jpg 3 3 1
S00788.jpg 1 1 1
M00788.jpg 2 2 1
V00788.jpg 3 3 1
S00789.jpg 1 1 1
M00789.jpg 2 2 1
V00789.jpg 3 3 1
S00790.jpg 1 1 1
M00790.jpg 2 2 1
V00790.jpg 3 3 1
S00791.jpg 1 1 1
M00791.jpg 2 2 1
V00791.jpg 3 3 1
S00792.jpg 1 1 1
M00792.jpg 2 2 1
V00792.jpg 3 3 1
S00795.jpg 1 1 1
M00795.jpg 2 2 1
V00795.jpg 3 3 1
S00796.jpg 1 1 1
M00796.jpg 2 2 1
V00796.jpg 3 3 1
S00797.jpg 1 1 1
M00797.jpg 2 2 1
V00797.jpg 3 3 1
S00798.jpg 1 1 1
M00798.jpg 2 2 1
V00798.jpg 3 3 1
S00799.jpg 1 1 1
M00799.jpg 2 2 1
V00799.jpg 3 3 1
S00800.jpg 1 1 1
M00800.jpg 2 2 1
V00800.jpg 3 3 1
S00801.jpg 1 1 1
M00801.jpg 2 2 1
V00801.jpg 3 3 1
S00802.jpg 1 1 1
M00802.jpg 2 2 1
V00802.jpg 3 3 1
S00805.jpg 1 1 1
M00805.jpg 2 2 1
V00805.jpg 3 3 1
S00806.jpg 1 1 1
M00806.jpg 2 2 1
V00806.jpg 3 3 1
S00807.jpg 1 1 1
M00807.jpg 2 2 1
V00807.jpg 3 3 1
S00808.jpg 1 1 1
M00808.jpg 2 2 1
V00808.jpg 3 3 1
S00809.jpg 1 1 1
M00809.jpg 2 2 1
V00809.jpg 3 3 1
S00810.jpg 1 1 1
M00810.jpg 2 2 1
V00810.jpg 3 3 1
S00811.jpg 1 1 1
M00811.jpg 2 2 1
V00811.jpg 3 3 1
S00812.jpg 1 1 1
M00812.jpg 2 2 1
V00812.jpg 3 3 1
S00815.jpg 1 1 1
M00815.jpg 2 2 1
V00815.jpg 3 3 1
S00816.jpg 1 1 1
M00816.jpg 2 2 1
V00816.jpg 3 3 1
S00817.jpg 1 1 1
M00817.jpg 2 2 1
V00817.jpg 3 3 1
S00818.jpg 1 1 1
M00818.jpg 2 2 1
V00818.jpg 3 3 1
S00819.jpg 1 1 1
M00819.jpg 2 2 1
V00819.jpg 3 3 1
S00820.jpg 1 1 1
M00820.jpg 2 2 1
V00820.jpg 3 3 1
S00821.jpg 1 1 1
M00821.jpg 2 2 1
V00821.jpg 3 3 1
S00822.jpg 1 1 1
M00822.jpg 2 2 1
V00822.jpg 3 3 1
S00825.jpg 1 1 1
M00825.jpg 2 2 1
V00825.jpg 3 3 1
S00826.jpg 1 1 1
M00826.jpg 2 2 1
V00826.jpg 3 3 1
S00827.jpg 1 1 1
M00827.jpg 2 2 1
V00827.jpg 3 3 1
S00828.jpg 1 1 1
M00828.jpg 2 2 1
V00828.jpg 3 3 1
S00829.jpg 1 1 1
M00829.jpg 2 2 1
V00829.jpg 3 3 1
S00830.jpg 1 1 1
M00830.jpg 2 2 1
V00830.jpg 3 3 1
S00831.jpg 1 1 1
M00831.jpg 2 2 1
V00831.jpg 3 3 1
S00832.jpg 1 1 1
M00832.jpg 2 2 1
V00832.jpg 3 3 1
S00835.jpg 1 1 1
M00835.jpg 2 2 1
V00835.jpg 3 3 1
S00836.jpg 1 1 1
M00836.jpg 2 2 1
V00836.jpg 3 3 1
S00837.jpg 1 1 1
M00837.jpg 2 2 1
V00837.jpg 3 3 1
S00838.jpg 1 1 1
M00838.jpg 2 2 1
V00838.jpg 3 3 1
S00839.jpg 1 1 1
M00839.jpg 2 2 1
V00839.jpg 3 3 1
S00840.jpg 1 1 1
M00840.jpg 2 2 1
V00840.jpg 3 3 1
S00841.jpg 1 1 1
M00841.jpg 2 2 1
V00841.jpg 3 3 1
S00842.jpg 1 1 1
M00842.jpg 2 2 1
V00842.jpg 3 3 1
S00845.jpg 1 1 1
M00845.jpg 2 2 1
V00845.jpg 3 3 1
S00846.jpg 1 1 1
M00846.jpg 2 2 1
V00846.jpg 3 3 1
S00847.jpg 1 1 1
M00847.jpg 2 2 1
V00847.jpg 3 3 1
S00848.jpg 1 1 1
M00848.jpg 2 2 1
V00848.jpg 3 3 1
S00849.jpg 1 1 1
M00849.jpg 2 2 1
V00849.jpg 3 3 1
S00850.jpg 1 1 1
M00850.jpg 2 2 1
V00850.jpg 3 3 1
S00851.jpg 1 1 1
M00851.jpg 2 2 1
V00851.jpg 3 3 1
S00852.jpg 1 1 1
M00852.jpg 2 2 1
V00852.jpg 3 3 1
S00855.jpg 1 1 1
M00855.jpg 2 2 1
V00855.jpg 3 3 1
S00856.jpg 1 1 1
M00856.jpg 2 2 1
V00856.jpg 3 3 1
S00857.jpg 1 1 1
M00857.jpg 2 2 1
V00857.jpg 3 3 1
S00858.jpg 1 1 1
M00858.jpg 2 2 1
V00858.jpg 3 3 1
S00859.jpg 1 1 1
M00859.jpg 2 2 1
V00859.jpg 3 3 1
S00860.jpg 1 1 1
M00860.jpg 2 2 1
V00860.jpg 3 3 1
S00861.jpg 1 1 1
M00861.jpg 2 2 1
V00861.jpg 3 3 1
S00862.jpg 1 1 1
M00862.jpg 2 2 1
V00862.jpg 3 3 1
S00865.jpg 1 1 1
M00865.jpg 2 2 1
V00865.jpg 3 3 1
S00866.jpg 1 1 1
M00866.jpg 2 2 1
V00866.jpg 3 3 1
S00867.jpg 1 1 1
M00867.jpg 2 2 1
V00867.jpg 3 3 1
S00868.jpg 1 1 1
M00868.jpg 2 2 1
V00868.jpg 3 3 1
S00869.jpg 1 1 1
M00869.jpg 2 2 1
V00869.jpg 3 3 1
S00870.jpg 1 1 1
M00870.jpg 2 2 1
V00870.jpg 3 3 1
S00871.jpg 1 1 1
M00871.jpg 2 2 1
V00871.jpg 3 3 1
S00872.jpg 1 1 1
M00872.jpg 2 2 1
V00872.jpg 3 3 1
S00875.jpg 1 1 1
M00875.jpg 2 2 1
V00875.jpg 3 3 1
S00876.jpg 1 1 1
M00876.jpg 2 2 1
V00876.jpg 3 3 1
S00877.jpg 1 1 1
M00877.jpg 2 2 1
V00877.jpg 3 3 1
S00878.jpg 1 1 1
M00878.jpg 2 2 1
V00878.jpg 3 3 1
S00879.jpg 1 1 1
M00879.jpg 2 2 1
V00879.jpg 3 3 1
S00880.jpg 1 1 1
M00880.jpg 2 2 1
V00880.jpg 3 3 1
S00881.jpg 1 1 1
M00881.jpg 2 2 1
V00881.jpg 3 3 1
S00882.jpg 1 1 1
M00882.jpg 2 2 1
V00882.jpg 3 3 1
S00885.jpg 1 1 1
M00885.jpg 2 2 1
V00885.jpg 3 3 1
S00886.jpg 1 1 1
M00886.jpg 2 2 1
V00886.jpg 3 3 1
S00887.jpg 1 1 1
M00887.jpg 2 2 1
V00887.jpg 3 3 1
S00888.jpg 1 1 1
M00888.jpg 2 2 1
V00888.jpg 3 3 1
S00889.jpg 1 1 1
M00889.jpg 2 2 1
V00889.jpg 3 3 1
S00890.jpg 1 1 1
M00890.jpg 2 2 1
V00890.jpg 3 3 1
S00891.jpg 1 1 1
M00891.jpg 2 2 1
V00891.jpg 3 3 1
S00892.jpg 1 1 1
M00892.jpg 2 2 1
V00892.jpg 3 3 1
S00895.jpg 1 1 1
M00895.jpg 2 2 1
V00895.jpg 3 3 1
S00896.jpg 1 1 1
M00896.jpg 2 2 1
V00896.jpg 3 3 1
S00897.jpg 1 1 1
M00897.jpg 2 2 1
V00897.jpg 3 3 1
S00898.jpg 1 1 1
M00898.jpg 2 2 1
V00898.jpg 3 3 1
S00899.jpg 1 1 1
M00899.jpg 2 2 1
V00899.jpg 3 3 1
S00900.jpg 1 1 1
M00900.jpg 2 2 1
V00900.jpg 3 3 1
S00901.jpg 1 1 1
M00901.jpg 2 2 1
V00901.jpg 3 3 1
S00902.jpg 1 1 1
M00902.jpg 2 2 1
V00902.jpg 3 3 1
S00905.jpg 1 1 1
M00905.jpg 2 2 1
V00905.jpg 3 3 1
S00906.jpg 1 1 1
M00906.jpg 2 2 1
V00906.jpg 3 3 1
S00907.jpg 1 1 1
M00907.jpg 2 2 1
V00907.jpg 3 3 1
S00908.jpg 1 1 1
M00908.jpg 2 2 1
V00908.jpg 3 3 1
S00909.jpg 1 1 1
M00909.jpg 2 2 1
V00909.jpg 3 3 1
S00910.jpg 1 1 1
M00910.jpg 2 2 1
V00910.jpg 3 3 1
S00911.jpg 1 1 1
M00911.jpg 2 2 1
V00911.jpg 3 3 1
S00912.jpg 1 1 1
M00912.jpg 2 2 1
V00912.jpg 3 3 1
S00915.jpg 1 1 1
M00915.jpg 2 2 1
V00915.jpg 3 3 1
S00916.jpg 1 1 1
M00916.jpg 2 2 1
V00916.jpg 3 3 1
S00917.jpg 1 1 1
M00917.jpg 2 2 1
V00917.jpg 3 3 1
S00918.jpg 1 1 1
M00918.jpg 2 2 1
V00918.jpg 3 3 1
S00919.jpg 1 1 1
M00919.jpg 2 2 1
V00919.jpg 3 3 1
S00920.jpg 1 1 1
M00920.jpg 2 2 1
V00920.jpg 3 3 1
S00921.jpg 1 1 1
M00921.jpg 2 2 1
V00921.jpg 3 3 1
S00922.jpg 1 1 1
M00922.jpg 2 2 1
V00922.jpg 3 3 1
S00925.jpg 1 1 1
M00925.jpg 2 2 1
V00925.jpg 3 3 1
S00926.jpg 1 1 1
M00926.jpg 2 2 1
V00926.jpg 3 3 1
S00927.jpg 1 1 1
M00927.jpg 2 2 1
V00927.jpg 3 3 1
S00928.jpg 1 1 1
M00928.jpg 2 2 1
V00928.jpg 3 3 1
S00929.jpg 1 1 1
M00929.jpg 2 2 1
V00929.jpg 3 3 1
S00930.jpg 1 1 1
M00930.jpg 2 2 1
V00930.jpg 3 3 1
S00931.jpg 1 1 1
M00931.jpg 2 2 1
V00931.jpg 3 3 1
S00932.jpg 1 1 1
M00932.jpg 2 2 1
V00932.jpg 3 3 1
S00935.jpg 1 1 1
M00935.jpg 2 2 1
V00935.jpg 3 3 1
S00936.jpg 1 1 1
M00936.jpg 2 2 1
V00936.jpg 3 3 1
S00937.jpg 1 1 1
M00937.jpg 2 2 1
V00937.jpg 3 3 1
S00938.jpg 1 1 1
M00938.jpg 2 2 1
V00938.jpg 3 3 1
S00939.jpg 1 1 1
M00939.jpg 2 2 1
V00939.jpg 3 3 1
S00940.jpg 1 1 1
M00940.jpg 2 2 1
V00940.jpg 3 3 1
S00941.jpg 1 1 1
M00941.jpg 2 2 1
V00941.jpg 3 3 1
S00942.jpg 1 1 1
M00942.jpg 2 2 1
V00942.jpg 3 3 1
S00945.jpg 1 1 1
M00945.jpg 2 2 1
V00945.jpg 3 3 1
S00946.jpg 1 1 1
M00946.jpg 2 2 1
V00946.jpg 3 3 1
S00947.jpg 1 1 1
M00947.jpg 2 2 1
V00947.jpg 3 3 1
S00948.jpg 1 1 1
M00948.jpg 2 2 1
V00948.jpg 3 3 1
S00949.jpg 1 1 1
M00949.jpg 2 2 1
V00949.jpg 3 3 1
S00950.jpg 1 1 1
M00950.jpg 2 2 1
V00950.jpg 3 3 1
S00951.jpg 1 1 1
M00951.jpg 2 2 1
V00951.jpg 3 3 1
S00952.jpg 1 1 1
M00952.jpg 2 2 1
V00952.jpg 3 3 1
S00955.jpg 1 1 1
M00955.jpg 2 2 1
V00955.jpg 3 3 1
S00956.jpg 1 1 1
M00956.jpg 2 2 1
V00956.jpg 3 3 1
S00957.jpg 1 1 1
M00957.jpg 2 2 1
V00957.jpg 3 3 1
S00958.jpg 1 1 1
M00958.jpg 2 2 1
V00958.jpg 3 3 1
S00959.jpg 1 1 1
M00959.jpg 2 2 1
V00959.jpg 3 3 1
S00960.jpg 1 1 1
M00960.jpg 2 2 1
V00960.jpg 3 3 1
S00961.jpg 1 1 1
M00961.jpg 2 2 1
V00961.jpg 3 3 1
S00962.jpg 1 1 1
M00962.jpg 2 2 1
V00962.jpg 3 3 1
S00965.jpg 1 1 1
M00965.jpg 2 2 1
V00965.jpg 3 3 1
S00966.jpg 1 1 1
M00966.jpg 2 2 1
V00966.jpg 3 3 1
S00967.jpg 1 1 1
M00967.jpg 2 2 1
V00967.jpg 3 3 1
S00968.jpg 1 1 1
M00968.jpg 2 2 1
V00968.jpg 3 3 1
S00969.jpg 1 1 1
M00969.jpg 2 2 1
V00969.jpg 3 3 1
S00970.jpg 1 1 1
M00970.jpg 2 2 1
V00970.jpg 3 3 1
S00971.jpg 1 1 1
M00971.jpg 2 2 1
V00971.jpg 3 3 1
S00972.jpg 1 1 1
M00972.jpg 2 2 1
V00972.jpg 3 3 1
S00975.jpg 1 1 1
M00975.jpg 2 2 1
V00975.jpg 3 3 1
S00976.jpg 1 1 1
M00976.jpg 2 2 1
V00976.jpg 3 3 1
S00977.jpg 1 1 1
M00977.jpg 2 2 1
V00977.jpg 3 3 1
S00978.jpg 1 1 1
M00978.jpg 2 2 1
V00978.jpg 3 3 1
S00979.jpg 1 1 1
M00979.jpg 2 2 1
V00979.jpg 3 3 1
S00980.jpg 1 1 1
M00980.jpg 2 2 1
V00980.jpg 3 3 1
S00981.jpg 1 1 1
M00981.jpg 2 2 1
V00981.jpg 3 3 1
S00982.jpg 1 1 1
M00982.jpg 2 2 1
V00982.jpg 3 3 1
S00985.jpg 1 1 1
M00985.jpg 2 2 1
V00985.jpg 3 3 1
S00986.jpg 1 1 1
M00986.jpg 2 2 1
V00986.jpg 3 3 1
S00987.jpg 1 1 1
M00987.jpg 2 2 1
V00987.jpg 3 3 1
S00988.jpg 1 1 1
M00988.jpg 2 2 1
V00988.jpg 3 3 1
S00989.jpg 1 1 1
M00989.jpg 2 2 1
V00989.jpg 3 3 1
S00990.jpg 1 1 1
M00990.jpg 2 2 1
V00990.jpg 3 3 1
S00991.jpg 1 1 1
M00991.jpg 2 2 1
V00991.jpg 3 3 1
S00992.jpg 1 1 1
M00992.jpg 2 2 1
V00992.jpg 3 3 1
S00995.jpg 1 1 1
M00995.jpg 2 2 1
V00995.jpg 3 3 1
S00996.jpg 1 1 1
M00996.jpg 2 2 1
V00996.jpg 3 3 1
S00997.jpg 1 1 1
M00997.jpg 2 2 1
V00997.jpg 3 3 1
S00998.jpg 1 1 1
M00998.jpg 2 2 1
V00998.jpg 3 3 1
S00999.jpg 1 1 1
M00999.jpg 2 2 1
V00999.jpg 3 3 1
S01000.jpg 1 1 1
M01000.jpg 2 2 1
V01000.jpg 3 3 1
S01001.jpg 1 1 1
M01001.jpg 2 2 1
V01001.jpg 3 3 1
S01002.jpg 1 1 1
M01002.jpg 2 2 1
V01002.jpg 3 3 1
S01005.jpg 1 1 1
M01005.jpg 2 2 1
V01005.jpg 3 3 1
S01006.jpg 1 1 1
M01006.jpg 2 2 1
V01006.jpg 3 3 1
S01007.jpg 1 1 1
M01007.jpg 2 2 1
V01007.jpg 3 3 1
S01008.jpg 1 1 1
M01008.jpg 2 2 1
V01008.jpg 3 3 1
S01009.jpg 1 1 1
M01009.jpg 2 2 1
V01009.jpg 3 3 1
S01010.jpg 1 1 1
M01010.jpg 2 2 1
V01010.jpg 3 3 1
S01011.jpg 1 1 1
M01011.jpg 2 2 1
V01011.jpg 3 3 1
S01012.jpg 1 1 1
M01012.jpg 2 2 1
V01012.jpg 3 3 1
S01015.jpg 1 1 1
M01015.jpg 2 2 1
V01015.jpg 3 3 1
S01016.jpg 1 1 1
M01016.jpg 2 2 1
V01016.jpg 3 3 1
S01017.jpg 1 1 1
M01017.jpg 2 2 1
V01017.jpg 3 3 1
S01018.jpg 1 1 1
M01018.jpg 2 2 1
V01018.jpg 3 3 1
S01019.jpg 1 1 1
M01019.jpg 2 2 1
V01019.jpg 3 3 1
S01020.jpg 1 1 1
M01020.jpg 2 2 1
V01020.jpg 3 3 1
S01021.jpg 1 1 1
M01021.jpg 2 2 1
V01021.jpg 3 3 1
S01022.jpg 1 1 1
M01022.jpg 2 2 1
V01022.jpg 3 3 1
S01025.jpg 1 1 1
M01025.jpg 2 2 1
V01025.jpg 3 3 1
S01026.jpg 1 1 1
M01026.jpg 2 2 1
V01026.jpg 3 3 1
S01027.jpg 1 1 1
M01027.jpg 2 2 1
V01027.jpg 3 3 1
S01028.jpg 1 1 1
M01028.jpg 2 2 1
V01028.jpg 3 3 1
S01029.jpg 1 1 1
M01029.jpg 2 2 1
V01029.jpg 3 3 1
S01030.jpg 1 1 1
M01030.jpg 2 2 1
V01030.jpg 3 3 1
S01031.jpg 1 1 1
M01031.jpg 2 2 1
V01031.jpg 3 3 1
S01032.jpg 1 1 1
M01032.jpg 2 2 1
V01032.jpg 3 3 1
S01035.jpg 1 1 1
M01035.jpg 2 2 1
V01035.jpg 3 3 1
S01036.jpg 1 1 1
M01036.jpg 2 2 1
V01036.jpg 3 3 1
S01037.jpg 1 1 1
M01037.jpg 2 2 1
V01037.jpg 3 3 1
S01038.jpg 1 1 1
M01038.jpg 2 2 1
V01038.jpg 3 3 1
S01039.jpg 1 1 1
M01039.jpg 2 2 1
V01039.jpg 3 3 1
S01040.jpg 1 1 1
M01040.jpg 2 2 1
V01040.jpg 3 3 1
S01041.jpg 1 1 1
M01041.jpg 2 2 1
V01041.jpg 3 3 1
S01042.jpg 1 1 1
M01042.jpg 2 2 1
V01042.jpg 3 3 1
S01045.jpg 1 1 1
M01045.jpg 2 2 1
V01045.jpg 3 3 1
S01046.jpg 1 1 1
M01046.jpg 2 2 1
V01046.jpg 3 3 1
S01047.jpg 1 1 1
M01047.jpg 2 2 1
V01047.jpg 3 3 1
S01048.jpg 1 1 1
M01048.jpg 2 2 1
V01048.jpg 3 3 1
S01049.jpg 1 1 1
M01049.jpg 2 2 1
V01049.jpg 3 3 1
S01050.jpg 1 1 1
M01050.jpg 2 2 1
V01050.jpg 3 3 1
S01051.jpg 1 1 1
M01051.jpg 2 2 1
V01051.jpg 3 3 1
S01052.jpg 1 1 1
M01052.jpg 2 2 1
V01052.jpg 3 3 1
S01055.jpg 1 1 1
M01055.jpg 2 2 1
V01055.jpg 3 3 1
S01056.jpg 1 1 1
M01056.jpg 2 2 1
V01056.jpg 3 3 1
S01057.jpg 1 1 1
M01057.jpg 2 2 1
V01057.jpg 3 3 1
S01058.jpg 1 1 1
M01058.jpg 2 2 1
V01058.jpg 3 3 1
S01059.jpg 1 1 1
M01059.jpg 2 2 1
V01059.jpg 3 3 1
S01060.jpg 1 1 1
M01060.jpg 2 2 1
V01060.jpg 3 3 1
S01061.jpg 1 1 1
M01061.jpg 2 2 1
V01061.jpg 3 3 1
S01062.jpg 1 1 1
M01062.jpg 2 2 1
V01062.jpg 3 3 1
S01065.jpg 1 1 1
M01065.jpg 2 2 1
V01065.jpg 3 3 1
S01066.jpg 1 1 1
M01066.jpg 2 2 1
V01066.jpg 3 3 1
S01067.jpg 1 1 1
M01067.jpg 2 2 1
V01067.jpg 3 3 1
S01068.jpg 1 1 1
M01068.jpg 2 2 1
V01068.jpg 3 3 1
S01069.jpg 1 1 1
M01069.jpg 2 2 1
V01069.jpg 3 3 1
S01070.jpg 1 1 1
M01070.jpg 2 2 1
V01070.jpg 3 3 1
S01071.jpg 1 1 1
M01071.jpg 2 2 1
V01071.jpg 3 3 1
S01072.jpg 1 1 1
M01072.jpg 2 2 1
V01072.jpg 3 3 1
S01075.jpg 1 1 1
M01075.jpg 2 2 1
V01075.jpg 3 3 1
S01076.jpg 1 1 1
M01076.jpg 2 2 1
V01076.jpg 3 3 1
S01077.jpg 1 1 1
M01077.jpg 2 2 1
V01077.jpg 3 3 1
S01078.jpg 1 1 1
M01078.jpg 2 2 1
V01078.jpg 3 3 1
S01079.jpg 1 1 1
M01079.jpg 2 2 1
V01079.jpg 3 3 1
S01080.jpg 1 1 1
M01080.jpg 2 2 1
V01080.jpg 3 3 1